0.000000
18.579539
35.569603
49.530660
59.308531
64.142136
63.733166
58.270980
48.410393
35.204617
20.000000
4.302917
-10.368132
-22.630719
-31.372486
-35.857864
-35.797121
-31.371040
-23.208923
-12.322160
-0.000000
12.322160
23.208923
31.371040
35.797121
35.857864
31.372486
22.630719
10.368132
-4.302917
-20.000000
-35.204617
-48.410393
-58.270980
-63.733166
-64.142136
-59.308531
-49.530660
-35.569603
-18.579539
-0.000000
18.579539
35.569603
49.530660
59.308531
64.142136
63.733166
58.270980
48.410393
35.204617
20.000000
4.302917
-10.368132
-22.630719
-31.372486
-35.857864
-35.797121
-31.371040
-23.208923
-12.322160
-0.000000
12.322160
23.208923
31.371040
35.797121
35.857864
31.372486
22.630719
10.368132
-4.302917
-20.000000
-35.204617
-48.410393
-58.270980
-63.733166
-64.142136
-59.308531
-49.530660
-35.569603
-18.579539
-0.000000
18.579539
35.569603
49.530660
59.308531
64.142136
63.733166
58.270980
48.410393
35.204617
20.000000
4.302917
-10.368132
-22.630719
-31.372486
-35.857864
-35.797121
-31.371040
-23.208923
-12.322160
0.000000
12.322160
23.208923
31.371040
35.797121
35.857864
31.372486
22.630719
10.368132
-4.302917
-20.000000
-35.204617
-48.410393
-58.270980
-63.733166
-64.142136
-59.308531
-49.530660
-35.569603
-18.579539
-0.000000
18.579539
35.569603
49.530660
59.308531
64.142136
63.733166
58.270980
48.410393
35.204617
20.000000
4.302917
-10.368132
-22.630719
-31.372486
-35.857864
-35.797121
-31.371040
-23.208923
-12.322160
0.000000
12.322160
23.208923
31.371040
35.797121
35.857864
31.372486
22.630719
10.368132
-4.302917
-20.000000
-35.204617
-48.410393
-58.270980
-63.733166
-64.142136
-59.308531
-49.530660
-35.569603
-18.579539
-0.000000
18.579539
35.569603
49.530660
59.308531
64.142136
63.733166
58.270980
48.410393
35.204617
20.000000
4.302917
-10.368132
-22.630719
-31.372486
-35.857864
-35.797121
-31.371040
-23.208923
-12.322160
-0.000000
12.322160
23.208923
31.371040
35.797121
35.857864
31.372486
22.630719
10.368132
-4.302917
-20.000000
-35.204617
-48.410393
-58.270980
-63.733166
-64.142136
-59.308531
-49.530660
-35.569603
-18.579539
0.000000
18.579539
35.569603
49.530660
59.308531
64.142136
63.733166
58.270980
48.410393
35.204617
20.000000
4.302917
-10.368132
-22.630719
-31.372486
-35.857864
-35.797121
-31.371040
-23.208923
-12.322160
0.000000
12.322160
23.208923
31.371040
35.797121
35.857864
31.372486
22.630719
10.368132
-4.302917
-20.000000
-35.204617
-48.410393
-58.270980
-63.733166
-64.142136
-59.308531
-49.530660
-35.569603
-18.579539
-0.000000
18.579539
35.569603
49.530660
59.308531
64.142136
63.733166
58.270980
48.410393
35.204617
20.000000
4.302917
-10.368132
-22.630719
-31.372486
-35.857864
-35.797121
-31.371040
-23.208923
-12.322160
0.000000
12.322160
23.208923
31.371040
35.797121
35.857864
31.372486
22.630719
10.368132
-4.302917
-20.000000
-35.204617
-48.410393
-58.270980
-63.733166
-64.142136
-59.308531
-49.530660
-35.569603
-18.579539
0.000000
18.579539
35.569603
49.530660
59.308531
64.142136
63.733166
58.270980
48.410393
35.204617
20.000000
4.302917
-10.368132
-22.630719
-31.372486
-35.857864
-35.797121
-31.371040
-23.208923
-12.322160
0.000000
12.322160
23.208923
31.371040
35.797121
35.857864
31.372486
22.630719
10.368132
-4.302917
-20.000000
-35.204617
-48.410393
-58.270980
-63.733166
-64.142136
-59.308531
-49.530660
-35.569603
-18.579539
-0.000000
18.579539
35.569603
49.530660
59.308531
64.142136
63.733166
58.270980
48.410393
35.204617
20.000000
4.302917
-10.368132
-22.630719
-31.372486
-35.857864
-35.797121
-31.371040
-23.208923
-12.322160
0.000000
12.322160
23.208923
31.371040
35.797121
35.857864
31.372486
22.630719
10.368132
-4.302917
-20.000000
-35.204617
-48.410393
-58.270980
-63.733166
-64.142136
-59.308531
-49.530660
-35.569603
-18.579539
-0.000000
18.579539
35.569603
49.530660
59.308531
64.142136
63.733166
58.270980
48.410393
35.204617
20.000000
4.302917
-10.368132
-22.630719
-31.372486
-35.857864
-35.797121
-31.371040
-23.208923
-12.322160
0.000000
12.322160
23.208923
31.371040
35.797121
35.857864
31.372486
22.630719
10.368132
-4.302917
-20.000000
-35.204617
-48.410393
-58.270980
-63.733166
-64.142136
-59.308531
-49.530660
-35.569603
-18.579539
0.000000
18.579539
35.569603
49.530660
59.308531
64.142136
63.733166
58.270980
48.410393
35.204617
20.000000
4.302917
-10.368132
-22.630719
-31.372486
-35.857864
-35.797121
-31.371040
-23.208923
-12.322160
0.000000
12.322160
23.208923
31.371040
35.797121
35.857864
31.372486
22.630719
10.368132
-4.302917
-20.000000
-35.204617
-48.410393
-58.270980
-63.733166
-64.142136
-59.308531
-49.530660
-35.569603
-18.579539
0.000000
18.579539
35.569603
49.530660
59.308531
64.142136
63.733166
58.270980
48.410393
35.204617
20.000000
4.302917
-10.368132
-22.630719
-31.372486
-35.857864
-35.797121
-31.371040
-23.208923
-12.322160
0.000000
12.322160
23.208923
31.371040
35.797121
35.857864
31.372486
22.630719
10.368132
-4.302917
-20.000000
-35.204617
-48.410393
-58.270980
-63.733166
-64.142136
-59.308531
-49.530660
-35.569603
-18.579539
-0.000000
18.579539
35.569603
49.530660
59.308531
64.142136
63.733166
58.270980
48.410393
35.204617
20.000000
4.302917
-10.368132
-22.630719
-31.372486
-35.857864
-35.797121
-31.371040
-23.208923
-12.322160
0.000000
12.322160
23.208923
31.371040
35.797121
35.857864
31.372486
22.630719
10.368132
-4.302917
-20.000000
-35.204617
-48.410393
-58.270980
-63.733166
-64.142136
-59.308531
-49.530660
-35.569603
-18.579539
0.000000
18.579539
35.569603
49.530660
59.308531
64.142136
63.733166
58.270980
48.410393
35.204617
20.000000
4.302917
-10.368132
-22.630719
-31.372486
-35.857864
-35.797121
-31.371040
-23.208923
-12.322160
0.000000
12.322160
23.208923
31.371040
35.797121
35.857864
31.372486
22.630719
10.368132
-4.302917
-20.000000
-35.204617
-48.410393
-58.270980
-63.733166
-64.142136
-59.308531
-49.530660
-35.569603
-18.579539
0.000000
18.579539
35.569603
49.530660
59.308531
64.142136
63.733166
58.270980
48.410393
35.204617
20.000000
4.302917
-10.368132
-22.630719
-31.372486
-35.857864
-35.797121
-31.371040
-23.208923
-12.322160
0.000000
12.322160
23.208923
31.371040
35.797121
35.857864
31.372486
22.630719
10.368132
-4.302917
-20.000000
-35.204617
-48.410393
-58.270980
-63.733166
-64.142136
-59.308531
-49.530660
-35.569603
-18.579539
0.000000
18.579539
35.569603
49.530660
59.308531
64.142136
63.733166
58.270980
48.410393
35.204617
20.000000
4.302917
-10.368132
-22.630719
-31.372486
-35.857864
-35.797121
-31.371040
-23.208923
-12.322160
0.000000
12.322160
23.208923
31.371040
35.797121
35.857864
31.372486
22.630719
10.368132
-4.302917
-20.000000
-35.204617
-48.410393
-58.270980
-63.733166
-64.142136
-59.308531
-49.530660
-35.569603
-18.579539
-0.000000
18.579539
35.569603
49.530660
59.308531
64.142136
63.733166
58.270980
48.410393
35.204617
20.000000
4.302917
-10.368132
-22.630719
-31.372486
-35.857864
-35.797121
-31.371040
-23.208923
-12.322160
-0.000000
12.322160
23.208923
31.371040
35.797121
35.857864
31.372486
22.630719
10.368132
-4.302917
-20.000000
-35.204617
-48.410393
-58.270980
-63.733166
-64.142136
-59.308531
-49.530660
-35.569603
-18.579539
0.000000
18.579539
35.569603
49.530660
59.308531
64.142136
63.733166
58.270980
48.410393
35.204617
20.000000
4.302917
-10.368132
-22.630719
-31.372486
-35.857864
-35.797121
-31.371040
-23.208923
-12.322160
-0.000000
12.322160
23.208923
31.371040
35.797121
35.857864
31.372486
22.630719
10.368132
-4.302917
-20.000000
-35.204617
-48.410393
-58.270980
-63.733166
-64.142136
-59.308531
-49.530660
-35.569603
-18.579539
-0.000000
18.579539
35.569603
49.530660
59.308531
64.142136
63.733166
58.270980
48.410393
35.204617
20.000000
4.302917
-10.368132
-22.630719
-31.372486
-35.857864
-35.797121
-31.371040
-23.208923
-12.322160
-0.000000
12.322160
23.208923
31.371040
35.797121
35.857864
31.372486
22.630719
10.368132
-4.302917
-20.000000
-35.204617
-48.410393
-58.270980
-63.733166
-64.142136
-59.308531
-49.530660
-35.569603
-18.579539
0.000000
18.579539
35.569603
49.530660
59.308531
64.142136
63.733166
58.270980
48.410393
35.204617
20.000000
4.302917
-10.368132
-22.630719
-31.372486
-35.857864
-35.797121
-31.371040
-23.208923
-12.322160
0.000000
12.322160
23.208923
31.371040
35.797121
35.857864
31.372486
22.630719
10.368132
-4.302917
-20.000000
-35.204617
-48.410393
-58.270980
-63.733166
-64.142136
-59.308531
-49.530660
-35.569603
-18.579539
0.000000
18.579539
35.569603
49.530660
59.308531
64.142136
63.733166
58.270980
48.410393
35.204617
20.000000
4.302917
-10.368132
-22.630719
-31.372486
-35.857864
-35.797121
-31.371040
-23.208923
-12.322160
-0.000000
12.322160
23.208923
31.371040
35.797121
35.857864
31.372486
22.630719
10.368132
-4.302917
-20.000000
-35.204617
-48.410393
-58.270980
-63.733166
-64.142136
-59.308531
-49.530660
-35.569603
-18.579539
0.000000
18.579539
35.569603
49.530660
59.308531
64.142136
63.733166
58.270980
48.410393
35.204617
20.000000
4.302917
-10.368132
-22.630719
-31.372486
-35.857864
-35.797121
-31.371040
-23.208923
-12.322160
-0.000000
12.322160
23.208923
31.371040
35.797121
35.857864
31.372486
22.630719
10.368132
-4.302917
-20.000000
-35.204617
-48.410393
-58.270980
-63.733166
-64.142136
-59.308531
-49.530660
-35.569603
-18.579539
0.000000
18.579539
35.569603
49.530660
59.308531
64.142136
63.733166
58.270980
48.410393
35.204617
20.000000
4.302917
-10.368132
-22.630719
-31.372486
-35.857864
-35.797121
-31.371040
-23.208923
-12.322160
-0.000000
12.322160
23.208923
31.371040
35.797121
35.857864
31.372486
22.630719
10.368132
-4.302917
-20.000000
-35.204617
-48.410393
-58.270980
-63.733166
-64.142136
-59.308531
-49.530660
-35.569603
-18.579539
0.000000
18.579539
35.569603
49.530660
59.308531
64.142136
63.733166
58.270980
48.410393
35.204617
20.000000
4.302917
-10.368132
-22.630719
-31.372486
-35.857864
-35.797121
-31.371040
-23.208923
-12.322160
0.000000
12.322160
23.208923
31.371040
35.797121
35.857864
31.372486
22.630719
10.368132
-4.302917
-20.000000
-35.204617
-48.410393
-58.270980
-63.733166
-64.142136
-59.308531
-49.530660
-35.569603
-18.579539
-0.000000
18.579539
35.569603
49.530660
59.308531
64.142136
63.733166
58.270980
48.410393
35.204617
20.000000
4.302917
-10.368132
-22.630719
-31.372486
-35.857864
-35.797121
-31.371040
-23.208923
-12.322160
0.000000
12.322160
23.208923
31.371040
35.797121
35.857864
31.372486
22.630719
10.368132
-4.302917
-20.000000
-35.204617
-48.410393
-58.270980
-63.733166
-64.142136
-59.308531
-49.530660
-35.569603
-18.579539
0.000000
18.579539
35.569603
49.530660
59.308531
64.142136
63.733166
58.270980
48.410393
35.204617
20.000000
4.302917
-10.368132
-22.630719
-31.372486
-35.857864
-35.797121
-31.371040
-23.208923
-12.322160
-0.000000
12.322160
23.208923
31.371040